spawns: 
  default: 
    world: world
    x: -312.45336062667167
    y: 66.0
    z: 236.51066433979983
    yaw: 89.87192
    pitch: 0.9274905
