timestamps:
  login: 1470482039328
  logout: 1470482059527
ipAddress: 114.200.48.241
lastlocation:
  world: world
  x: -437.5
  y: 73.0
  z: 553.5
  yaw: 0.0
  pitch: 0.0
logoutlocation:
  world: world
  x: -428.84205780282974
  y: 72.0
  z: 556.676112812946
  yaw: 121.19996
  pitch: 1.7999824
