timestamps:
  login: 1494134253866
  lastteleport: 1494137797238
  logout: 1494138764705
ipAddress: 116.39.227.243
lastlocation:
  world: SrcMap
  x: -346.5
  y: 110.0
  z: 286.5
  yaw: 137.70021
  pitch: -8.399973
logoutlocation:
  world: world
  x: -317.8209089396384
  y: 67.0
  z: 233.4107825051354
  yaw: 45.921875
  pitch: -90.0
