timestamps:
  login: 1486611505559
  logout: 1486611507812
ipAddress: 125.186.228.45
lastlocation:
  world: world
  x: -318.5
  y: 256.0
  z: 232.5
  yaw: 0.0
  pitch: 0.0
logoutlocation:
  world: world
  x: -312.5
  y: 67.0
  z: 236.5
  yaw: 89.87192
  pitch: 0.9274905
