timestamps:
  login: 1470318108095
  logout: 1470318978188
ipAddress: 175.115.255.254
lastlocation:
  world: world
  x: -432.5
  y: 72.0
  z: 563.5
  yaw: 0.0
  pitch: 0.0
logoutlocation:
  world: world
  x: -428.3522037232984
  y: 72.0
  z: 555.4552552239705
  yaw: -353.0103
  pitch: 23.334118
