timestamps:
  login: 1470309664685
  logout: 1470311365101
ipAddress: 175.125.179.99
lastlocation:
  world: world
  x: -430.5
  y: 72.0
  z: 550.5
  yaw: 0.0
  pitch: 0.0
logoutlocation:
  world: world
  x: -432.9226990149322
  y: 72.0
  z: 564.4792752365756
  yaw: -170.91106
  pitch: 13.950016
