timestamps:
  login: 1506773778920
  logout: 1506773893390
ipAddress: 192.168.0.4
lastlocation:
  world: SrcMap
  x: -196.0
  y: 65.0
  z: 248.0
  yaw: 0.0
  pitch: 0.0
logoutlocation:
  world: world
  x: -350.27073561997076
  y: 65.0
  z: 254.9055196867777
  yaw: -129.57788
  pitch: -20.672518
