timestamps:
  login: 1478618225069
  logout: 1478618341414
ipAddress: 180.230.214.250
lastlocation:
  world: world
  x: -317.2905246783486
  y: 67.0
  z: 240.04318721180022
  yaw: 174.47192
  pitch: 19.677486
logoutlocation:
  world: world
  x: -317.3272198515972
  y: 67.0
  z: 236.94157654702047
  yaw: -180.27846
  pitch: 13.077521
